MAE: 57.64284133911133
RMSE: 80.36160278320312
R2: 0.5505390167236328
